  0.01120046
         671
  4.01000000
  4.03000000
  4.05000000
  4.07000000
  4.09000000
  4.01000000
  4.03000000
  4.05000000
  4.07000000
  4.09000000
  4.01000000
  4.03000000
  4.05000000
  4.07000000
  4.09000000
  4.01000000
  4.03000000
  4.05000000
  4.07000000
  4.09000000
  4.01000000
  4.03000000
  4.05000000
  4.07000000
  4.09000000
  4.01000000
  4.03000000
  4.05000000
  4.07000000
  4.09000000
  4.01000000
  4.03000000
  4.05000000
  4.07000000
  4.09000000
  4.01000000
  4.03000000
  4.05000000
  4.07000000
  4.09000000
  4.01000000
  4.03000000
  4.05000000
  4.07000000
  4.09000000
  4.01000000
  4.03000000
  4.05000000
  4.07000000
  4.09000000
  4.01000000
  4.03000000
  4.05000000
  4.07000000
  4.09000000
  4.01000000
  4.03000000
  4.05000000
  4.07000000
  4.09000000
  4.01000000
  4.01969988
  4.02939977
  4.02939977
  4.03909965
  4.03909965
  4.04879954
  4.04879954
  4.04879954
  4.05849942
  4.05849942
  4.06819931
  4.05849942
  4.06819931
  4.06819931
  4.07789919
  4.06819931
  4.07789919
  4.07789919
  4.08759908
  4.08759908
  4.07789919
  4.08759908
  4.08759908
  4.09729896
  4.09729896
  4.08759908
  4.09729896
  4.09729896
  4.10699885
  4.10699885
  4.09729896
  4.10699885
  4.10699885
  4.11669873
  4.11669873
  4.10699885
  4.11669873
  4.11669873
  4.12639861
  4.12639861
  4.11669873
  4.12639861
  4.12639861
  4.13609850
  4.13609850
  4.12639861
  4.13609850
  4.13609850
  4.14579838
  4.14579838
  4.13609850
  4.14579838
  4.14579838
  4.15549827
  4.15549827
  4.14579838
  4.15549827
  4.15549827
  4.16519815
  4.16519815
  4.15549827
  4.16519815
  4.16519815
  4.17489804
  4.17489804
  4.16519815
  4.17489804
  4.17489804
  4.18459792
  4.18459792
  4.17489804
  4.18459792
  4.18459792
  4.19429781
  4.19429781
  4.18459792
  4.19429781
  4.19429781
  4.20399769
  4.20399769
  4.19429781
  4.20399769
  4.20399769
  4.21369758
  4.21369758
  4.20399769
  4.21369758
  4.21369758
  4.22339746
  4.22339746
  4.21369758
  4.22339746
  4.22339746
  4.23309734
  4.23309734
  4.22339746
  4.23309734
  4.23309734
  4.24279723
  4.24279723
  4.23309734
  4.24279723
  4.24279723
  4.25249711
  4.25249711
  4.24279723
  4.25249711
  4.25249711
  4.26219700
  4.26219700
  4.25249711
  4.26219700
  4.26219700
  4.27189688
  4.27189688
  4.26219700
  4.27189688
  4.27189688
  4.28159677
  4.28159677
  4.27189688
  4.28159677
  4.28159677
  4.29129665
  4.29129665
  4.28159677
  4.29129665
  4.29129665
  4.30099654
  4.30099654
  4.29129665
  4.30099654
  4.30099654
  4.31069642
  4.31069642
  4.30099654
  4.31069642
  4.31069642
  4.32039630
  4.32039630
  4.31069642
  4.32039630
  4.32039630
  4.33009619
  4.33009619
  4.32039630
  4.33009619
  4.33009619
  4.33979607
  4.33979607
  4.33009619
  4.33979607
  4.33979607
  4.34949596
  4.34949596
  4.33979607
  4.34949596
  4.34949596
  4.35919584
  4.35919584
  4.34949596
  4.35919584
  4.35919584
  4.36889573
  4.36889573
  4.35919584
  4.36889573
  4.36889573
  4.37859561
  4.37859561
  4.36889573
  4.37859561
  4.37859561
  4.38829550
  4.38829550
  4.37859561
  4.38829550
  4.38829550
  4.39799538
  4.39799538
  4.38829550
  4.39799538
  4.39799538
  4.40769527
  4.40769527
  4.39799538
  4.40769527
  4.40769527
  4.41739515
  4.41739515
  4.40769527
  4.41739515
  4.41739515
  4.42709503
  4.42709503
  4.41739515
  4.42709503
  4.42709503
  4.43679492
  4.43679492
  4.42709503
  4.43679492
  4.43679492
  4.44649480
  4.44649480
  4.43679492
  4.44649480
  4.44649480
  4.45619469
  4.45619469
  4.44649480
  4.45619469
  4.45619469
  4.46589457
  4.46589457
  4.45619469
  4.46589457
  4.46589457
  4.47559446
  4.47559446
  4.46589457
  4.47559446
  4.47559446
  4.48529434
  4.48529434
  4.47559446
  4.48529434
  4.48529434
  4.49499423
  4.49499423
  4.48529434
  4.49499423
  4.49499423
  4.50469411
  4.50469411
  4.49499423
  4.50469411
  4.50469411
  4.51439400
  4.51439400
  4.50469411
  4.51439400
  4.51439400
  4.52409388
  4.52409388
  4.51439400
  4.52409388
  4.52409388
  4.53379376
  4.53379376
  4.52409388
  4.53379376
  4.53379376
  4.54349365
  4.54349365
  4.53379376
  4.54349365
  4.54349365
  4.55319353
  4.55319353
  4.54349365
  4.55319353
  4.55319353
  4.56289342
  4.56289342
  4.55319353
  4.56289342
  4.56289342
  4.57259330
  4.57259330
  4.56289342
  4.57259330
  4.57259330
  4.58229319
  4.58229319
  4.57259330
  4.58229319
  4.58229319
  4.59199307
  4.59199307
  4.58229319
  4.59199307
  4.59199307
  4.60169296
  4.60169296
  4.59199307
  4.60169296
  4.60169296
  4.61139284
  4.61139284
  4.60169296
  4.61139284
  4.61139284
  4.62109273
  4.62109273
  4.61139284
  4.62109273
  4.62109273
  4.63079261
  4.63079261
  4.62109273
  4.63079261
  4.63079261
  4.64049249
  4.64049249
  4.63079261
  4.64049249
  4.64049249
  4.65019238
  4.65019238
  4.64049249
  4.65019238
  4.65019238
  4.65989226
  4.65989226
  4.65019238
  4.65989226
  4.65989226
  4.66959215
  4.66959215
  4.65989226
  4.66959215
  4.66959215
  4.67929203
  4.67929203
  4.66959215
  4.67929203
  4.67929203
  4.68899192
  4.68899192
  4.67929203
  4.68899192
  4.68899192
  4.69869180
  4.69869180
  4.68899192
  4.69869180
  4.69869180
  4.70839169
  4.70839169
  4.69869180
  4.70839169
  4.70839169
  4.71809157
  4.71809157
  4.70839169
  4.71809157
  4.71809157
  4.72779146
  4.72779146
  4.71809157
  4.72779146
  4.72779146
  4.73749134
  4.73749134
  4.72779146
  4.73749134
  4.73749134
  4.74719122
  4.74719122
  4.73749134
  4.74719122
  4.74719122
  4.75689111
  4.75689111
  4.74719122
  4.75689111
  4.75689111
  4.76659099
  4.76659099
  4.75689111
  4.76659099
  4.76659099
  4.77629088
  4.77629088
  4.76659099
  4.77629088
  4.77629088
  4.78599076
  4.78599076
  4.77629088
  4.78599076
  4.78599076
  4.79569065
  4.79569065
  4.78599076
  4.79569065
  4.79569065
  4.80539053
  4.80539053
  4.79569065
  4.80539053
  4.80539053
  4.81509042
  4.81509042
  4.80539053
  4.81509042
  4.81509042
  4.82479030
  4.82479030
  4.81509042
  4.82479030
  4.82479030
  4.83449018
  4.83449018
  4.82479030
  4.83449018
  4.83449018
  4.84419007
  4.84419007
  4.83449018
  4.84419007
  4.84419007
  4.85388995
  4.85388995
  4.84419007
  4.85388995
  4.85388995
  4.86358984
  4.86358984
  4.85388995
  4.86358984
  4.86358984
  4.87328972
  4.87328972
  4.86358984
  4.87328972
  4.87328972
  4.88298961
  4.88298961
  4.87328972
  4.88298961
  4.88298961
  4.89268949
  4.89268949
  4.88298961
  4.89268949
  4.89268949
  4.90238938
  4.90238938
  4.89268949
  4.90238938
  4.90238938
  4.91208926
  4.91208926
  4.90238938
  4.91208926
  4.91208926
  4.92178915
  4.92178915
  4.91208926
  4.92178915
  4.92178915
  4.93148903
  4.93148903
  4.92178915
  4.93148903
  4.93148903
  4.94118891
  4.94118891
  4.93148903
  4.94118891
  4.94118891
  4.95088880
  4.95088880
  4.94118891
  4.95088880
  4.95088880
  4.96058868
  4.96058868
  4.95088880
  4.96058868
  4.96058868
  4.97028857
  4.97028857
  4.96058868
  4.97028857
  4.97028857
  4.97998845
  4.97998845
  4.97028857
  4.97998845
  4.97998845
  4.98968834
  4.98968834
  4.97998845
  4.98968834
  4.98968834
  4.99938822
  4.99938822
  4.98968834
  4.99938822
  4.99938822
  5.00908811
  5.00908811
  4.99938822
  5.00908811
  5.00908811
  5.01878799
  5.01878799
  5.00908811
  5.01878799
  5.01878799
  5.02848788
  5.02848788
  5.01878799
  5.02848788
  5.02848788
  5.03818776
  5.03818776
  5.02848788
  5.03818776
  5.03818776
  5.04788764
  5.04788764
  5.03818776
  5.04788764
  5.04788764
  5.05758753
  5.05758753
  5.04788764
  5.05758753
  5.05758753
  5.06728741
  5.06728741
  5.05758753
  5.06728741
  5.06728741
  5.07698730
  5.07698730
  5.06728741
  5.07698730
  5.07698730
  5.08668718
  5.08668718
  5.07698730
  5.08668718
  5.08668718
  5.09638707
  5.09638707
  5.08668718
  5.09638707
  5.09638707
  5.10608695
  5.10608695
  5.09638707
  5.10608695
  5.10608695
  5.11578684
  5.11578684
  5.10608695
  5.11578684
  5.11578684
  5.12548672
  5.12548672
  5.11578684
  5.12548672
  5.12548672
  5.13518661
  5.13518661
  5.12548672
  5.13518661
  5.13518661
  5.14488649
  5.14488649
  5.13518661
  5.14488649
  5.14488649
  5.15458637
  5.15458637
  5.14488649
  5.15458637
  5.15458637
  5.16428626
  5.16428626
  5.15458637
  5.16428626
  5.16428626
  5.17398614
  5.17398614
  5.16428626
  5.17398614
  5.17398614
  5.18368603
  5.18368603
  5.17398614
  5.18368603
  5.18368603
  5.19338591
  5.19338591
  5.18368603
  5.19338591
  5.19338591
  5.20308580
  5.20308580
  5.19338591
  5.20308580
  5.20308580
  5.21278568
  5.21278568
  5.20308580
  5.21278568
  5.21278568
  5.22248557
  5.22248557
  5.21278568
  5.22248557
  5.22248557
  5.23218545
  5.23218545
  0.00000000
  0.00000000
  0.00000000
  0.00000000
  0.00000000
  0.02000000
  0.02000000
  0.02000000
  0.02000000
  0.02000000
  0.04000000
  0.04000000
  0.04000000
  0.04000000
  0.04000000
  0.06000000
  0.06000000
  0.06000000
  0.06000000
  0.06000000
  0.08000000
  0.08000000
  0.08000000
  0.08000000
  0.08000000
  0.10000000
  0.10000000
  0.10000000
  0.10000000
  0.10000000
  0.12000000
  0.12000000
  0.12000000
  0.12000000
  0.12000000
  0.14000000
  0.14000000
  0.14000000
  0.14000000
  0.14000000
  0.16000000
  0.16000000
  0.16000000
  0.16000000
  0.16000000
  0.18000000
  0.18000000
  0.18000000
  0.18000000
  0.18000000
  0.20000000
  0.20000000
  0.20000000
  0.20000000
  0.20000000
  0.22000000
  0.22000000
  0.22000000
  0.22000000
  0.22000000
  0.23500000
  0.24060023
  0.23500000
  0.24620046
  0.24060023
  0.25180069
  0.24620046
  0.23500000
  0.25740092
  0.25180069
  0.24060023
  0.23500000
  0.26300115
  0.25740092
  0.24620046
  0.24060023
  0.26860139
  0.26300115
  0.25180069
  0.24620046
  0.23500000
  0.27420162
  0.26860139
  0.25740092
  0.25180069
  0.24060023
  0.27980185
  0.27420162
  0.26300115
  0.25740092
  0.24620046
  0.28540208
  0.27980185
  0.26860139
  0.26300115
  0.25180069
  0.29100231
  0.28540208
  0.27420162
  0.26860139
  0.25740092
  0.29660254
  0.29100231
  0.27980185
  0.27420162
  0.26300115
  0.30220277
  0.29660254
  0.28540208
  0.27980185
  0.26860139
  0.30780300
  0.30220277
  0.29100231
  0.28540208
  0.27420162
  0.31340323
  0.30780300
  0.29660254
  0.29100231
  0.27980185
  0.31900346
  0.31340323
  0.30220277
  0.29660254
  0.28540208
  0.32460370
  0.31900346
  0.30780300
  0.30220277
  0.29100231
  0.33020393
  0.32460370
  0.31340323
  0.30780300
  0.29660254
  0.33580416
  0.33020393
  0.31900346
  0.31340323
  0.30220277
  0.34140439
  0.33580416
  0.32460370
  0.31900346
  0.30780300
  0.34700462
  0.34140439
  0.33020393
  0.32460370
  0.31340323
  0.35260485
  0.34700462
  0.33580416
  0.33020393
  0.31900346
  0.35820508
  0.35260485
  0.34140439
  0.33580416
  0.32460370
  0.36380531
  0.35820508
  0.34700462
  0.34140439
  0.33020393
  0.36940554
  0.36380531
  0.35260485
  0.34700462
  0.33580416
  0.37500577
  0.36940554
  0.35820508
  0.35260485
  0.34140439
  0.38060600
  0.37500577
  0.36380531
  0.35820508
  0.34700462
  0.38620624
  0.38060600
  0.36940554
  0.36380531
  0.35260485
  0.39180647
  0.38620624
  0.37500577
  0.36940554
  0.35820508
  0.39740670
  0.39180647
  0.38060600
  0.37500577
  0.36380531
  0.40300693
  0.39740670
  0.38620624
  0.38060600
  0.36940554
  0.40860716
  0.40300693
  0.39180647
  0.38620624
  0.37500577
  0.41420739
  0.40860716
  0.39740670
  0.39180647
  0.38060600
  0.41980762
  0.41420739
  0.40300693
  0.39740670
  0.38620624
  0.42540785
  0.41980762
  0.40860716
  0.40300693
  0.39180647
  0.43100808
  0.42540785
  0.41420739
  0.40860716
  0.39740670
  0.43660831
  0.43100808
  0.41980762
  0.41420739
  0.40300693
  0.44220854
  0.43660831
  0.42540785
  0.41980762
  0.40860716
  0.44780878
  0.44220854
  0.43100808
  0.42540785
  0.41420739
  0.45340901
  0.44780878
  0.43660831
  0.43100808
  0.41980762
  0.45900924
  0.45340901
  0.44220854
  0.43660831
  0.42540785
  0.46460947
  0.45900924
  0.44780878
  0.44220854
  0.43100808
  0.47020970
  0.46460947
  0.45340901
  0.44780878
  0.43660831
  0.47580993
  0.47020970
  0.45900924
  0.45340901
  0.44220854
  0.48141016
  0.47580993
  0.46460947
  0.45900924
  0.44780878
  0.48701039
  0.48141016
  0.47020970
  0.46460947
  0.45340901
  0.49261062
  0.48701039
  0.47580993
  0.47020970
  0.45900924
  0.49821085
  0.49261062
  0.48141016
  0.47580993
  0.46460947
  0.50381109
  0.49821085
  0.48701039
  0.48141016
  0.47020970
  0.50941132
  0.50381109
  0.49261062
  0.48701039
  0.47580993
  0.51501155
  0.50941132
  0.49821085
  0.49261062
  0.48141016
  0.52061178
  0.51501155
  0.50381109
  0.49821085
  0.48701039
  0.52621201
  0.52061178
  0.50941132
  0.50381109
  0.49261062
  0.53181224
  0.52621201
  0.51501155
  0.50941132
  0.49821085
  0.53741247
  0.53181224
  0.52061178
  0.51501155
  0.50381109
  0.54301270
  0.53741247
  0.52621201
  0.52061178
  0.50941132
  0.54861293
  0.54301270
  0.53181224
  0.52621201
  0.51501155
  0.55421316
  0.54861293
  0.53741247
  0.53181224
  0.52061178
  0.55981339
  0.55421316
  0.54301270
  0.53741247
  0.52621201
  0.56541363
  0.55981339
  0.54861293
  0.54301270
  0.53181224
  0.57101386
  0.56541363
  0.55421316
  0.54861293
  0.53741247
  0.57661409
  0.57101386
  0.55981339
  0.55421316
  0.54301270
  0.58221432
  0.57661409
  0.56541363
  0.55981339
  0.54861293
  0.58781455
  0.58221432
  0.57101386
  0.56541363
  0.55421316
  0.59341478
  0.58781455
  0.57661409
  0.57101386
  0.55981339
  0.59901501
  0.59341478
  0.58221432
  0.57661409
  0.56541363
  0.60461524
  0.59901501
  0.58781455
  0.58221432
  0.57101386
  0.61021547
  0.60461524
  0.59341478
  0.58781455
  0.57661409
  0.61581570
  0.61021547
  0.59901501
  0.59341478
  0.58221432
  0.62141594
  0.61581570
  0.60461524
  0.59901501
  0.58781455
  0.62701617
  0.62141594
  0.61021547
  0.60461524
  0.59341478
  0.63261640
  0.62701617
  0.61581570
  0.61021547
  0.59901501
  0.63821663
  0.63261640
  0.62141594
  0.61581570
  0.60461524
  0.64381686
  0.63821663
  0.62701617
  0.62141594
  0.61021547
  0.64941709
  0.64381686
  0.63261640
  0.62701617
  0.61581570
  0.65501732
  0.64941709
  0.63821663
  0.63261640
  0.62141594
  0.66061755
  0.65501732
  0.64381686
  0.63821663
  0.62701617
  0.66621778
  0.66061755
  0.64941709
  0.64381686
  0.63261640
  0.67181801
  0.66621778
  0.65501732
  0.64941709
  0.63821663
  0.67741824
  0.67181801
  0.66061755
  0.65501732
  0.64381686
  0.68301848
  0.67741824
  0.66621778
  0.66061755
  0.64941709
  0.68861871
  0.68301848
  0.67181801
  0.66621778
  0.65501732
  0.69421894
  0.68861871
  0.67741824
  0.67181801
  0.66061755
  0.69981917
  0.69421894
  0.68301848
  0.67741824
  0.66621778
  0.70541940
  0.69981917
  0.68861871
  0.68301848
  0.67181801
  0.71101963
  0.70541940
  0.69421894
  0.68861871
  0.67741824
  0.71661986
  0.71101963
  0.69981917
  0.69421894
  0.68301848
  0.72222009
  0.71661986
  0.70541940
  0.69981917
  0.68861871
  0.72782032
  0.72222009
  0.71101963
  0.70541940
  0.69421894
  0.73342055
  0.72782032
  0.71661986
  0.71101963
  0.69981917
  0.73902078
  0.73342055
  0.72222009
  0.71661986
  0.70541940
  0.74462102
  0.73902078
  0.72782032
  0.72222009
  0.71101963
  0.75022125
  0.74462102
  0.73342055
  0.72782032
  0.71661986
  0.75582148
  0.75022125
  0.73902078
  0.73342055
  0.72222009
  0.76142171
  0.75582148
  0.74462102
  0.73902078
  0.72782032
  0.76702194
  0.76142171
  0.75022125
  0.74462102
  0.73342055
  0.77262217
  0.76702194
  0.75582148
  0.75022125
  0.73902078
  0.77822240
  0.77262217
  0.76142171
  0.75582148
  0.74462102
  0.78382263
  0.77822240
  0.76702194
  0.76142171
  0.75022125
  0.78942286
  0.78382263
  0.77262217
  0.76702194
  0.75582148
  0.79502309
  0.78942286
  0.77822240
  0.77262217
  0.76142171
  0.80062333
  0.79502309
  0.78382263
  0.77822240
  0.76702194
  0.80622356
  0.80062333
  0.78942286
  0.78382263
  0.77262217
  0.81182379
  0.80622356
  0.79502309
  0.78942286
  0.77822240
  0.81742402
  0.81182379
  0.80062333
  0.79502309
  0.78382263
  0.82302425
  0.81742402
  0.80622356
  0.80062333
  0.78942286
  0.82862448
  0.82302425
  0.81182379
  0.80622356
  0.79502309
  0.83422471
  0.82862448
  0.81742402
  0.81182379
  0.80062333
  0.83982494
  0.83422471
  0.82302425
  0.81742402
  0.80622356
  0.84542517
  0.83982494
  0.82862448
  0.82302425
  0.81182379
  0.85102540
  0.84542517
  0.83422471
  0.82862448
  0.81742402
  0.85662563
  0.85102540
  0.83982494
  0.83422471
  0.82302425
  0.86222587
  0.85662563
  0.84542517
  0.83982494
  0.82862448
  0.86782610
  0.86222587
  0.85102540
  0.84542517
  0.83422471
  0.87342633
  0.86782610
  0.85662563
  0.85102540
  0.83982494
  0.87902656
  0.87342633
  0.86222587
  0.85662563
  0.84542517
  0.88462679
  0.87902656
  0.86782610
  0.86222587
  0.85102540
  0.89022702
  0.88462679
  0.87342633
  0.86782610
  0.85662563
  0.89582725
  0.89022702
  0.87902656
  0.87342633
  0.86222587
  0.90142748
  0.89582725
  0.88462679
  0.87902656
  0.86782610
  0.90702771
  0.90142748
  0.89022702
  0.88462679
  0.87342633
  0.91262794
  0.90702771
  0.89582725
  0.89022702
  0.87902656
  0.91822818
  0.91262794
  0.90142748
  0.89582725
  0.88462679
  0.92382841
  0.91822818
  0.90702771
  0.90142748
  0.89022702
  0.92942864
  0.92382841
  0.91262794
  0.90702771
  0.89582725
        1684
           1
           1
           2
           2
           3
           3
           4
           4
           5
           6
           6
           7
           7
           8
           8
           9
           9
          10
          11
          11
          12
          12
          13
          13
          14
          14
          15
          16
          16
          17
          17
          18
          18
          19
          19
          20
          21
          21
          22
          22
          23
          23
          24
          24
          25
          26
          26
          27
          27
          28
          28
          29
          29
          30
          31
          31
          32
          32
          33
          33
          34
          34
          35
          36
          36
          37
          37
          38
          38
          39
          39
          40
          41
          41
          42
          42
          43
          43
          44
          44
          45
          46
          46
          47
          47
          48
          48
          49
          49
          50
          51
          51
          52
          52
          53
          53
          54
          54
          55
          56
          56
          57
          57
          58
          58
          59
          59
          60
          61
          62
          62
          63
          63
          64
          64
          65
          65
          65
          66
          66
          67
          67
          67
          67
          68
          69
          69
          70
          70
          70
          70
          71
          71
          72
          72
          73
          73
          74
          74
          74
          74
          75
          75
          76
          76
          76
          77
          77
          78
          78
          78
          78
          79
          79
          80
          80
          80
          80
          81
          82
          82
          83
          83
          83
          83
          84
          84
          85
          85
          85
          85
          86
          87
          87
          88
          88
          88
          88
          89
          89
          90
          90
          90
          90
          91
          92
          92
          93
          93
          93
          93
          94
          94
          95
          95
          95
          95
          96
          97
          97
          98
          98
          98
          98
          99
          99
         100
         100
         100
         100
         101
         102
         102
         103
         103
         103
         103
         104
         104
         105
         105
         105
         105
         106
         107
         107
         108
         108
         108
         108
         109
         109
         110
         110
         110
         110
         111
         112
         112
         113
         113
         113
         113
         114
         114
         115
         115
         115
         115
         116
         117
         117
         118
         118
         118
         118
         119
         119
         120
         120
         120
         120
         121
         122
         122
         123
         123
         123
         123
         124
         124
         125
         125
         125
         125
         126
         127
         127
         128
         128
         128
         128
         129
         129
         130
         130
         130
         130
         131
         132
         132
         133
         133
         133
         133
         134
         134
         135
         135
         135
         135
         136
         137
         137
         138
         138
         138
         138
         139
         139
         140
         140
         140
         140
         141
         142
         142
         143
         143
         143
         143
         144
         144
         145
         145
         145
         145
         146
         147
         147
         148
         148
         148
         148
         149
         149
         150
         150
         150
         150
         151
         152
         152
         153
         153
         153
         153
         154
         154
         155
         155
         155
         155
         156
         157
         157
         158
         158
         158
         158
         159
         159
         160
         160
         160
         160
         161
         162
         162
         163
         163
         163
         163
         164
         164
         165
         165
         165
         165
         166
         167
         167
         168
         168
         168
         168
         169
         169
         170
         170
         170
         170
         171
         172
         172
         173
         173
         173
         173
         174
         174
         175
         175
         175
         175
         176
         177
         177
         178
         178
         178
         178
         179
         179
         180
         180
         180
         180
         181
         182
         182
         183
         183
         183
         183
         184
         184
         185
         185
         185
         185
         186
         187
         187
         188
         188
         188
         188
         189
         189
         190
         190
         190
         190
         191
         192
         192
         193
         193
         193
         193
         194
         194
         195
         195
         195
         195
         196
         197
         197
         198
         198
         198
         198
         199
         199
         200
         200
         200
         200
         201
         202
         202
         203
         203
         203
         203
         204
         204
         205
         205
         205
         205
         206
         207
         207
         208
         208
         208
         208
         209
         209
         210
         210
         210
         210
         211
         212
         212
         213
         213
         213
         213
         214
         214
         215
         215
         215
         215
         216
         217
         217
         218
         218
         218
         218
         219
         219
         220
         220
         220
         220
         221
         222
         222
         223
         223
         223
         223
         224
         224
         225
         225
         225
         225
         226
         227
         227
         228
         228
         228
         228
         229
         229
         230
         230
         230
         230
         231
         232
         232
         233
         233
         233
         233
         234
         234
         235
         235
         235
         235
         236
         237
         237
         238
         238
         238
         238
         239
         239
         240
         240
         240
         240
         241
         242
         242
         243
         243
         243
         243
         244
         244
         245
         245
         245
         245
         246
         247
         247
         248
         248
         248
         248
         249
         249
         250
         250
         250
         250
         251
         252
         252
         253
         253
         253
         253
         254
         254
         255
         255
         255
         255
         256
         257
         257
         258
         258
         258
         258
         259
         259
         260
         260
         260
         260
         261
         262
         262
         263
         263
         263
         263
         264
         264
         265
         265
         265
         265
         266
         267
         267
         268
         268
         268
         268
         269
         269
         270
         270
         270
         270
         271
         272
         272
         273
         273
         273
         273
         274
         274
         275
         275
         275
         275
         276
         277
         277
         278
         278
         278
         278
         279
         279
         280
         280
         280
         280
         281
         282
         282
         283
         283
         283
         283
         284
         284
         285
         285
         285
         285
         286
         287
         287
         288
         288
         288
         288
         289
         289
         290
         290
         290
         290
         291
         292
         292
         293
         293
         293
         293
         294
         294
         295
         295
         295
         295
         296
         297
         297
         298
         298
         298
         298
         299
         299
         300
         300
         300
         300
         301
         302
         302
         303
         303
         303
         303
         304
         304
         305
         305
         305
         305
         306
         307
         307
         308
         308
         308
         308
         309
         309
         310
         310
         310
         310
         311
         312
         312
         313
         313
         313
         313
         314
         314
         315
         315
         315
         315
         316
         317
         317
         318
         318
         318
         318
         319
         319
         320
         320
         320
         320
         321
         322
         322
         323
         323
         323
         323
         324
         324
         325
         325
         325
         325
         326
         327
         327
         328
         328
         328
         328
         329
         329
         330
         330
         330
         330
         331
         332
         332
         333
         333
         333
         333
         334
         334
         335
         335
         335
         335
         336
         337
         337
         338
         338
         338
         338
         339
         339
         340
         340
         340
         340
         341
         342
         342
         343
         343
         343
         343
         344
         344
         345
         345
         345
         345
         346
         347
         347
         348
         348
         348
         348
         349
         349
         350
         350
         350
         350
         351
         352
         352
         353
         353
         353
         353
         354
         354
         355
         355
         355
         355
         356
         357
         357
         358
         358
         358
         358
         359
         359
         360
         360
         360
         360
         361
         362
         362
         363
         363
         363
         363
         364
         364
         365
         365
         365
         365
         366
         367
         367
         368
         368
         368
         368
         369
         369
         370
         370
         370
         370
         371
         372
         372
         373
         373
         373
         373
         374
         374
         375
         375
         375
         375
         376
         377
         377
         378
         378
         378
         378
         379
         379
         380
         380
         380
         380
         381
         382
         382
         383
         383
         383
         383
         384
         384
         385
         385
         385
         385
         386
         387
         387
         388
         388
         388
         388
         389
         389
         390
         390
         390
         390
         391
         392
         392
         393
         393
         393
         393
         394
         394
         395
         395
         395
         395
         396
         397
         397
         398
         398
         398
         398
         399
         399
         400
         400
         400
         400
         401
         402
         402
         403
         403
         403
         403
         404
         404
         405
         405
         405
         405
         406
         407
         407
         408
         408
         408
         408
         409
         409
         410
         410
         410
         410
         411
         412
         412
         413
         413
         413
         413
         414
         414
         415
         415
         415
         415
         416
         417
         417
         418
         418
         418
         418
         419
         419
         420
         420
         420
         420
         421
         422
         422
         423
         423
         423
         423
         424
         424
         425
         425
         425
         425
         426
         427
         427
         428
         428
         428
         428
         429
         429
         430
         430
         430
         430
         431
         432
         432
         433
         433
         433
         433
         434
         434
         435
         435
         435
         435
         436
         437
         437
         438
         438
         438
         438
         439
         439
         440
         440
         440
         440
         441
         442
         442
         443
         443
         443
         443
         444
         444
         445
         445
         445
         445
         446
         447
         447
         448
         448
         448
         448
         449
         449
         450
         450
         450
         450
         451
         452
         452
         453
         453
         453
         453
         454
         454
         455
         455
         455
         455
         456
         457
         457
         458
         458
         458
         458
         459
         459
         460
         460
         460
         460
         461
         462
         462
         463
         463
         463
         463
         464
         464
         465
         465
         465
         465
         466
         467
         467
         468
         468
         468
         468
         469
         469
         470
         470
         470
         470
         471
         472
         472
         473
         473
         473
         473
         474
         474
         475
         475
         475
         475
         476
         477
         477
         478
         478
         478
         478
         479
         479
         480
         480
         480
         480
         481
         482
         482
         483
         483
         483
         483
         484
         484
         485
         485
         485
         485
         486
         487
         487
         488
         488
         488
         488
         489
         489
         490
         490
         490
         490
         491
         492
         492
         493
         493
         493
         493
         494
         494
         495
         495
         495
         495
         496
         497
         497
         498
         498
         498
         498
         499
         499
         500
         500
         500
         500
         501
         502
         502
         503
         503
         503
         503
         504
         504
         505
         505
         505
         505
         506
         507
         507
         508
         508
         508
         508
         509
         509
         510
         510
         510
         510
         511
         512
         512
         513
         513
         513
         513
         514
         514
         515
         515
         515
         515
         516
         517
         517
         518
         518
         518
         518
         519
         519
         520
         520
         520
         520
         521
         522
         522
         523
         523
         523
         523
         524
         524
         525
         525
         525
         525
         526
         527
         527
         528
         528
         528
         528
         529
         529
         530
         530
         530
         530
         531
         532
         532
         533
         533
         533
         533
         534
         534
         535
         535
         535
         535
         536
         537
         537
         538
         538
         538
         538
         539
         539
         540
         540
         540
         540
         541
         542
         542
         543
         543
         543
         543
         544
         544
         545
         545
         545
         545
         546
         547
         547
         548
         548
         548
         548
         549
         549
         550
         550
         550
         550
         551
         552
         552
         553
         553
         553
         553
         554
         554
         555
         555
         555
         555
         556
         557
         557
         558
         558
         558
         558
         559
         559
         560
         560
         560
         560
         561
         562
         562
         563
         563
         563
         563
         564
         564
         565
         565
         565
         565
         566
         567
         567
         568
         568
         568
         568
         569
         569
         570
         570
         570
         570
         571
         572
         572
         573
         573
         573
         573
         574
         574
         575
         575
         575
         575
         576
         577
         577
         578
         578
         578
         578
         579
         579
         580
         580
         580
         580
         581
         582
         582
         583
         583
         583
         583
         584
         584
         585
         585
         585
         585
         586
         587
         587
         588
         588
         588
         588
         589
         589
         590
         590
         590
         590
         591
         592
         592
         593
         593
         593
         593
         594
         594
         595
         595
         595
         595
         596
         597
         597
         598
         598
         598
         598
         599
         599
         600
         600
         600
         600
         601
         602
         602
         603
         603
         603
         603
         604
         604
         605
         605
         605
         605
         606
         607
         607
         608
         608
         608
         608
         609
         609
         610
         610
         610
         610
         611
         612
         612
         613
         613
         613
         613
         614
         614
         615
         615
         615
         615
         616
         617
         617
         618
         618
         618
         618
         619
         619
         620
         620
         620
         620
         621
         622
         622
         623
         623
         623
         623
         624
         624
         625
         625
         625
         625
         626
         627
         627
         628
         628
         628
         628
         629
         629
         630
         630
         630
         630
         631
         632
         632
         633
         633
         633
         633
         634
         634
         635
         635
         635
         635
         636
         637
         637
         638
         638
         638
         638
         639
         639
         640
         640
         640
         640
         641
         642
         642
         643
         643
         643
         643
         644
         644
         645
         645
         645
         645
         646
         647
         647
         648
         648
         648
         648
         649
         649
         650
         650
         650
         650
         651
         652
         652
         653
         653
         653
         653
         654
         654
         655
         655
         655
         655
         656
         657
         657
         658
         658
         658
         658
         659
         659
         660
         660
         660
         660
         661
         662
         662
         663
         663
         663
         663
         664
         664
         665
         665
         665
         665
         666
         667
         668
         669
         670
           2
           6
           3
           7
           4
           8
           5
           9
          10
           7
          11
           8
          12
           9
          13
          10
          14
          15
          12
          16
          13
          17
          14
          18
          15
          19
          20
          17
          21
          18
          22
          19
          23
          20
          24
          25
          22
          26
          23
          27
          24
          28
          25
          29
          30
          27
          31
          28
          32
          29
          33
          30
          34
          35
          32
          36
          33
          37
          34
          38
          35
          39
          40
          37
          41
          38
          42
          39
          43
          40
          44
          45
          42
          46
          43
          47
          44
          48
          45
          49
          50
          47
          51
          48
          52
          49
          53
          50
          54
          55
          52
          56
          53
          57
          54
          58
          55
          59
          60
          57
          61
          58
          63
          59
          68
          60
          72
          81
          62
          63
          64
          64
          65
          65
          66
          66
          67
          68
          67
          69
          68
          69
          70
          71
          71
          70
          73
          71
          73
          74
          75
          72
          75
          75
          76
          74
          77
          75
          77
          78
          79
          76
          79
          79
          80
          81
          78
          82
          79
          82
          83
          84
          80
          84
          81
          84
          85
          86
          86
          83
          87
          84
          87
          88
          89
          85
          89
          86
          89
          90
          91
          91
          88
          92
          89
          92
          93
          94
          90
          94
          91
          94
          95
          96
          96
          93
          97
          94
          97
          98
          99
          95
          99
          96
          99
         100
         101
         101
          98
         102
          99
         102
         103
         104
         100
         104
         101
         104
         105
         106
         106
         103
         107
         104
         107
         108
         109
         105
         109
         106
         109
         110
         111
         111
         108
         112
         109
         112
         113
         114
         110
         114
         111
         114
         115
         116
         116
         113
         117
         114
         117
         118
         119
         115
         119
         116
         119
         120
         121
         121
         118
         122
         119
         122
         123
         124
         120
         124
         121
         124
         125
         126
         126
         123
         127
         124
         127
         128
         129
         125
         129
         126
         129
         130
         131
         131
         128
         132
         129
         132
         133
         134
         130
         134
         131
         134
         135
         136
         136
         133
         137
         134
         137
         138
         139
         135
         139
         136
         139
         140
         141
         141
         138
         142
         139
         142
         143
         144
         140
         144
         141
         144
         145
         146
         146
         143
         147
         144
         147
         148
         149
         145
         149
         146
         149
         150
         151
         151
         148
         152
         149
         152
         153
         154
         150
         154
         151
         154
         155
         156
         156
         153
         157
         154
         157
         158
         159
         155
         159
         156
         159
         160
         161
         161
         158
         162
         159
         162
         163
         164
         160
         164
         161
         164
         165
         166
         166
         163
         167
         164
         167
         168
         169
         165
         169
         166
         169
         170
         171
         171
         168
         172
         169
         172
         173
         174
         170
         174
         171
         174
         175
         176
         176
         173
         177
         174
         177
         178
         179
         175
         179
         176
         179
         180
         181
         181
         178
         182
         179
         182
         183
         184
         180
         184
         181
         184
         185
         186
         186
         183
         187
         184
         187
         188
         189
         185
         189
         186
         189
         190
         191
         191
         188
         192
         189
         192
         193
         194
         190
         194
         191
         194
         195
         196
         196
         193
         197
         194
         197
         198
         199
         195
         199
         196
         199
         200
         201
         201
         198
         202
         199
         202
         203
         204
         200
         204
         201
         204
         205
         206
         206
         203
         207
         204
         207
         208
         209
         205
         209
         206
         209
         210
         211
         211
         208
         212
         209
         212
         213
         214
         210
         214
         211
         214
         215
         216
         216
         213
         217
         214
         217
         218
         219
         215
         219
         216
         219
         220
         221
         221
         218
         222
         219
         222
         223
         224
         220
         224
         221
         224
         225
         226
         226
         223
         227
         224
         227
         228
         229
         225
         229
         226
         229
         230
         231
         231
         228
         232
         229
         232
         233
         234
         230
         234
         231
         234
         235
         236
         236
         233
         237
         234
         237
         238
         239
         235
         239
         236
         239
         240
         241
         241
         238
         242
         239
         242
         243
         244
         240
         244
         241
         244
         245
         246
         246
         243
         247
         244
         247
         248
         249
         245
         249
         246
         249
         250
         251
         251
         248
         252
         249
         252
         253
         254
         250
         254
         251
         254
         255
         256
         256
         253
         257
         254
         257
         258
         259
         255
         259
         256
         259
         260
         261
         261
         258
         262
         259
         262
         263
         264
         260
         264
         261
         264
         265
         266
         266
         263
         267
         264
         267
         268
         269
         265
         269
         266
         269
         270
         271
         271
         268
         272
         269
         272
         273
         274
         270
         274
         271
         274
         275
         276
         276
         273
         277
         274
         277
         278
         279
         275
         279
         276
         279
         280
         281
         281
         278
         282
         279
         282
         283
         284
         280
         284
         281
         284
         285
         286
         286
         283
         287
         284
         287
         288
         289
         285
         289
         286
         289
         290
         291
         291
         288
         292
         289
         292
         293
         294
         290
         294
         291
         294
         295
         296
         296
         293
         297
         294
         297
         298
         299
         295
         299
         296
         299
         300
         301
         301
         298
         302
         299
         302
         303
         304
         300
         304
         301
         304
         305
         306
         306
         303
         307
         304
         307
         308
         309
         305
         309
         306
         309
         310
         311
         311
         308
         312
         309
         312
         313
         314
         310
         314
         311
         314
         315
         316
         316
         313
         317
         314
         317
         318
         319
         315
         319
         316
         319
         320
         321
         321
         318
         322
         319
         322
         323
         324
         320
         324
         321
         324
         325
         326
         326
         323
         327
         324
         327
         328
         329
         325
         329
         326
         329
         330
         331
         331
         328
         332
         329
         332
         333
         334
         330
         334
         331
         334
         335
         336
         336
         333
         337
         334
         337
         338
         339
         335
         339
         336
         339
         340
         341
         341
         338
         342
         339
         342
         343
         344
         340
         344
         341
         344
         345
         346
         346
         343
         347
         344
         347
         348
         349
         345
         349
         346
         349
         350
         351
         351
         348
         352
         349
         352
         353
         354
         350
         354
         351
         354
         355
         356
         356
         353
         357
         354
         357
         358
         359
         355
         359
         356
         359
         360
         361
         361
         358
         362
         359
         362
         363
         364
         360
         364
         361
         364
         365
         366
         366
         363
         367
         364
         367
         368
         369
         365
         369
         366
         369
         370
         371
         371
         368
         372
         369
         372
         373
         374
         370
         374
         371
         374
         375
         376
         376
         373
         377
         374
         377
         378
         379
         375
         379
         376
         379
         380
         381
         381
         378
         382
         379
         382
         383
         384
         380
         384
         381
         384
         385
         386
         386
         383
         387
         384
         387
         388
         389
         385
         389
         386
         389
         390
         391
         391
         388
         392
         389
         392
         393
         394
         390
         394
         391
         394
         395
         396
         396
         393
         397
         394
         397
         398
         399
         395
         399
         396
         399
         400
         401
         401
         398
         402
         399
         402
         403
         404
         400
         404
         401
         404
         405
         406
         406
         403
         407
         404
         407
         408
         409
         405
         409
         406
         409
         410
         411
         411
         408
         412
         409
         412
         413
         414
         410
         414
         411
         414
         415
         416
         416
         413
         417
         414
         417
         418
         419
         415
         419
         416
         419
         420
         421
         421
         418
         422
         419
         422
         423
         424
         420
         424
         421
         424
         425
         426
         426
         423
         427
         424
         427
         428
         429
         425
         429
         426
         429
         430
         431
         431
         428
         432
         429
         432
         433
         434
         430
         434
         431
         434
         435
         436
         436
         433
         437
         434
         437
         438
         439
         435
         439
         436
         439
         440
         441
         441
         438
         442
         439
         442
         443
         444
         440
         444
         441
         444
         445
         446
         446
         443
         447
         444
         447
         448
         449
         445
         449
         446
         449
         450
         451
         451
         448
         452
         449
         452
         453
         454
         450
         454
         451
         454
         455
         456
         456
         453
         457
         454
         457
         458
         459
         455
         459
         456
         459
         460
         461
         461
         458
         462
         459
         462
         463
         464
         460
         464
         461
         464
         465
         466
         466
         463
         467
         464
         467
         468
         469
         465
         469
         466
         469
         470
         471
         471
         468
         472
         469
         472
         473
         474
         470
         474
         471
         474
         475
         476
         476
         473
         477
         474
         477
         478
         479
         475
         479
         476
         479
         480
         481
         481
         478
         482
         479
         482
         483
         484
         480
         484
         481
         484
         485
         486
         486
         483
         487
         484
         487
         488
         489
         485
         489
         486
         489
         490
         491
         491
         488
         492
         489
         492
         493
         494
         490
         494
         491
         494
         495
         496
         496
         493
         497
         494
         497
         498
         499
         495
         499
         496
         499
         500
         501
         501
         498
         502
         499
         502
         503
         504
         500
         504
         501
         504
         505
         506
         506
         503
         507
         504
         507
         508
         509
         505
         509
         506
         509
         510
         511
         511
         508
         512
         509
         512
         513
         514
         510
         514
         511
         514
         515
         516
         516
         513
         517
         514
         517
         518
         519
         515
         519
         516
         519
         520
         521
         521
         518
         522
         519
         522
         523
         524
         520
         524
         521
         524
         525
         526
         526
         523
         527
         524
         527
         528
         529
         525
         529
         526
         529
         530
         531
         531
         528
         532
         529
         532
         533
         534
         530
         534
         531
         534
         535
         536
         536
         533
         537
         534
         537
         538
         539
         535
         539
         536
         539
         540
         541
         541
         538
         542
         539
         542
         543
         544
         540
         544
         541
         544
         545
         546
         546
         543
         547
         544
         547
         548
         549
         545
         549
         546
         549
         550
         551
         551
         548
         552
         549
         552
         553
         554
         550
         554
         551
         554
         555
         556
         556
         553
         557
         554
         557
         558
         559
         555
         559
         556
         559
         560
         561
         561
         558
         562
         559
         562
         563
         564
         560
         564
         561
         564
         565
         566
         566
         563
         567
         564
         567
         568
         569
         565
         569
         566
         569
         570
         571
         571
         568
         572
         569
         572
         573
         574
         570
         574
         571
         574
         575
         576
         576
         573
         577
         574
         577
         578
         579
         575
         579
         576
         579
         580
         581
         581
         578
         582
         579
         582
         583
         584
         580
         584
         581
         584
         585
         586
         586
         583
         587
         584
         587
         588
         589
         585
         589
         586
         589
         590
         591
         591
         588
         592
         589
         592
         593
         594
         590
         594
         591
         594
         595
         596
         596
         593
         597
         594
         597
         598
         599
         595
         599
         596
         599
         600
         601
         601
         598
         602
         599
         602
         603
         604
         600
         604
         601
         604
         605
         606
         606
         603
         607
         604
         607
         608
         609
         605
         609
         606
         609
         610
         611
         611
         608
         612
         609
         612
         613
         614
         610
         614
         611
         614
         615
         616
         616
         613
         617
         614
         617
         618
         619
         615
         619
         616
         619
         620
         621
         621
         618
         622
         619
         622
         623
         624
         620
         624
         621
         624
         625
         626
         626
         623
         627
         624
         627
         628
         629
         625
         629
         626
         629
         630
         631
         631
         628
         632
         629
         632
         633
         634
         630
         634
         631
         634
         635
         636
         636
         633
         637
         634
         637
         638
         639
         635
         639
         636
         639
         640
         641
         641
         638
         642
         639
         642
         643
         644
         640
         644
         641
         644
         645
         646
         646
         643
         647
         644
         647
         648
         649
         645
         649
         646
         649
         650
         651
         651
         648
         652
         649
         652
         653
         654
         650
         654
         651
         654
         655
         656
         656
         653
         657
         654
         657
         658
         659
         655
         659
         656
         659
         660
         661
         661
         658
         662
         659
         662
         663
         664
         660
         664
         661
         664
         665
         666
         666
         663
         667
         664
         667
         668
         669
         665
         669
         666
         669
         670
         671
         671
         668
         669
         670
         671
         271
         270
           1
           6
          11
          16
          21
          26
          31
          36
          41
          46
          51
          56
          61
          62
          64
          66
          69
          73
          77
          82
          87
          92
          97
         102
         107
         112
         117
         122
         127
         132
         137
         142
         147
         152
         157
         162
         167
         172
         177
         182
         187
         192
         197
         202
         207
         212
         217
         222
         227
         232
         237
         242
         247
         252
         257
         262
         267
         272
         277
         282
         287
         292
         297
         302
         307
         312
         317
         322
         327
         332
         337
         342
         347
         352
         357
         362
         367
         372
         377
         382
         387
         392
         397
         402
         407
         412
         417
         422
         427
         432
         437
         442
         447
         452
         457
         462
         467
         472
         477
         482
         487
         492
         497
         502
         507
         512
         517
         522
         527
         532
         537
         542
         547
         552
         557
         562
         567
         572
         577
         582
         587
         592
         597
         602
         607
         612
         617
         622
         627
         632
         637
         642
         647
         652
         657
         662
         667
         668
         669
         670
         671
         666
         661
         656
         651
         646
         641
         636
         631
         626
         621
         616
         611
         606
         601
         596
         591
         586
         581
         576
         571
         566
         561
         556
         551
         546
         541
         536
         531
         526
         521
         516
         511
         506
         501
         496
         491
         486
         481
         476
         471
         466
         461
         456
         451
         446
         441
         436
         431
         426
         421
         416
         411
         406
         401
         396
         391
         386
         381
         376
         371
         366
         361
         356
         351
         346
         341
         336
         331
         326
         321
         316
         311
         306
         301
         296
         291
         286
         281
         276
         271
         266
         261
         256
         251
         246
         241
         236
         231
         226
         221
         216
         211
         206
         201
         196
         191
         186
         181
         176
         171
         166
         161
         156
         151
         146
         141
         136
         131
         126
         121
         116
         111
         106
         101
          96
          91
          86
          81
          60
          55
          50
          45
          40
          35
          30
          25
          20
          15
          10
           6
          11
          16
          21
          26
          31
          36
          41
          46
          51
          56
          61
          62
          64
          66
          69
          73
          77
          82
          87
          92
          97
         102
         107
         112
         117
         122
         127
         132
         137
         142
         147
         152
         157
         162
         167
         172
         177
         182
         187
         192
         197
         202
         207
         212
         217
         222
         227
         232
         237
         242
         247
         252
         257
         262
         267
         272
         277
         282
         287
         292
         297
         302
         307
         312
         317
         322
         327
         332
         337
         342
         347
         352
         357
         362
         367
         372
         377
         382
         387
         392
         397
         402
         407
         412
         417
         422
         427
         432
         437
         442
         447
         452
         457
         462
         467
         472
         477
         482
         487
         492
         497
         502
         507
         512
         517
         522
         527
         532
         537
         542
         547
         552
         557
         562
         567
         572
         577
         582
         587
         592
         597
         602
         607
         612
         617
         622
         627
         632
         637
         642
         647
         652
         657
         662
         667
         668
         669
         670
         671
         666
         661
         656
         651
         646
         641
         636
         631
         626
         621
         616
         611
         606
         601
         596
         591
         586
         581
         576
         571
         566
         561
         556
         551
         546
         541
         536
         531
         526
         521
         516
         511
         506
         501
         496
         491
         486
         481
         476
         471
         466
         461
         456
         451
         446
         441
         436
         431
         426
         421
         416
         411
         406
         401
         396
         391
         386
         381
         376
         371
         366
         361
         356
         351
         346
         341
         336
         331
         326
         321
         316
         311
         306
         301
         296
         291
         286
         281
         276
         271
         266
         261
         256
         251
         246
         241
         236
         231
         226
         221
         216
         211
         206
         201
         196
         191
         186
         181
         176
         171
         166
         161
         156
         151
         146
         141
         136
         131
         126
         121
         116
         111
         106
         101
          96
          91
          86
          81
          60
          55
          50
          45
          40
          35
          30
          25
          20
          15
          10
           5
