           1
           1
           2
           2
           2
           2
           3
           3
           4
           4
           4
           4
           5
           6
           6
           7
           7
           7
           7
           8
           8
           9
           9
           9
           9
          10
          11
          11
          12
          12
          12
          12
          13
          13
          14
          14
          14
          14
          15
          16
          16
          17
          17
          17
          17
          18
          18
          19
          19
          19
          19
          20
          21
          21
          22
          22
          22
          22
          23
          23
          24
          24
          24
          24
          25
          26
          26
          27
          27
          27
          27
          28
          28
          29
          29
          29
          29
          30
          31
          31
          32
          32
          32
          32
          33
          33
          34
          34
          34
          34
          35
          36
          36
          37
          37
          37
          37
          38
          38
          39
          39
          39
          39
          40
          41
          41
          42
          42
          42
          42
          43
          43
          44
          44
          44
          44
          45
          46
          46
          47
          47
          47
          47
          48
          48
          49
          49
          49
          49
          50
          51
          51
          52
          52
          52
          52
          53
          53
          54
          54
          54
          54
          55
          56
          56
          57
          57
          57
          57
          58
          58
          59
          59
          59
          59
          60
          61
          61
          62
          62
          62
          62
          63
          63
          64
          64
          64
          64
          65
          66
          66
          67
          67
          67
          67
          68
          68
          69
          69
          69
          69
          70
          71
          71
          72
          72
          72
          72
          73
          73
          74
          74
          74
          74
          75
          76
          76
          77
          77
          77
          77
          78
          78
          79
          79
          79
          79
          80
          81
          81
          82
          82
          82
          82
          83
          83
          84
          84
          84
          84
          85
          86
          86
          87
          87
          87
          87
          88
          88
          89
          89
          89
          89
          90
          91
          91
          92
          92
          92
          92
          93
          93
          94
          94
          94
          94
          95
          96
          96
          97
          97
          97
          97
          98
          98
          99
          99
          99
          99
         100
         101
         101
         102
         102
         102
         102
         103
         103
         104
         104
         104
         104
         105
         106
         106
         107
         107
         107
         107
         108
         108
         109
         109
         109
         109
         110
         111
         111
         112
         112
         112
         112
         113
         113
         114
         114
         114
         114
         115
         116
         116
         117
         117
         117
         117
         118
         118
         119
         119
         119
         119
         120
         121
         121
         122
         122
         122
         122
         123
         123
         124
         124
         124
         124
         125
         126
         126
         127
         127
         127
         127
         128
         128
         129
         129
         129
         129
         130
         131
         131
         132
         132
         132
         132
         133
         133
         134
         134
         134
         134
         135
         136
         136
         137
         137
         137
         137
         138
         138
         139
         139
         139
         139
         140
         141
         141
         142
         142
         142
         142
         143
         143
         144
         144
         144
         144
         145
         146
         146
         147
         147
         147
         147
         148
         148
         149
         149
         149
         149
         150
         151
         151
         152
         152
         152
         152
         153
         153
         154
         154
         154
         154
         155
         156
         156
         157
         157
         157
         157
         158
         158
         159
         159
         159
         159
         160
         161
         161
         162
         162
         162
         162
         163
         163
         164
         164
         164
         164
         165
         166
         166
         167
         167
         167
         167
         168
         168
         169
         169
         169
         169
         170
         171
         171
         172
         172
         172
         172
         173
         173
         174
         174
         174
         174
         175
         176
         176
         177
         177
         177
         177
         178
         178
         179
         179
         179
         179
         180
         181
         181
         182
         182
         182
         182
         183
         183
         184
         184
         184
         184
         185
         186
         186
         187
         187
         187
         187
         188
         188
         189
         189
         189
         189
         190
         191
         191
         192
         192
         192
         192
         193
         193
         194
         194
         194
         194
         195
         196
         196
         197
         197
         197
         197
         198
         198
         199
         199
         199
         199
         200
         201
         201
         202
         202
         202
         202
         203
         203
         204
         204
         204
         204
         205
         206
         206
         207
         207
         207
         207
         208
         208
         209
         209
         209
         209
         210
         211
         211
         212
         212
         212
         212
         213
         213
         214
         214
         214
         214
         215
         216
         216
         217
         217
         217
         217
         218
         218
         219
         219
         219
         219
         220
         221
         221
         222
         222
         222
         222
         223
         223
         224
         224
         224
         224
         225
         226
         226
         227
         227
         227
         227
         228
         228
         229
         229
         229
         229
         230
         231
         231
         232
         232
         232
         232
         233
         233
         234
         234
         234
         234
         235
         236
         236
         237
         237
         237
         237
         238
         238
         239
         239
         239
         239
         240
         241
         241
         242
         242
         242
         242
         243
         243
         244
         244
         244
         244
         245
         246
         246
         247
         247
         247
         247
         248
         248
         249
         249
         249
         249
         250
         251
         251
         252
         252
         252
         252
         253
         253
         254
         254
         254
         254
         255
         256
         256
         257
         257
         257
         257
         258
         258
         259
         259
         259
         259
         260
         261
         261
         262
         262
         262
         262
         263
         263
         264
         264
         264
         264
         265
         266
         266
         267
         267
         267
         267
         268
         268
         269
         269
         269
         269
         270
         271
         271
         272
         272
         272
         272
         273
         273
         274
         274
         274
         274
         275
         276
         276
         277
         277
         277
         277
         278
         278
         279
         279
         279
         279
         280
         281
         281
         282
         282
         282
         282
         283
         283
         284
         284
         284
         284
         285
         286
         286
         287
         287
         287
         287
         288
         288
         289
         289
         289
         289
         290
         291
         291
         292
         292
         292
         292
         293
         293
         294
         294
         294
         294
         295
         296
         296
         297
         297
         297
         297
         298
         298
         299
         299
         299
         299
         300
         301
         301
         302
         302
         302
         302
         303
         303
         304
         304
         304
         304
         305
         306
         306
         307
         307
         307
         307
         308
         308
         309
         309
         309
         309
         310
         311
         311
         312
         312
         312
         312
         313
         313
         314
         314
         314
         314
         315
         316
         316
         317
         317
         317
         317
         318
         318
         319
         319
         319
         319
         320
         321
         321
         322
         322
         322
         322
         323
         323
         324
         324
         324
         324
         325
         326
         326
         327
         327
         327
         327
         328
         328
         329
         329
         329
         329
         330
         331
         331
         332
         332
         332
         332
         333
         333
         334
         334
         334
         334
         335
         336
         336
         337
         337
         337
         337
         338
         338
         339
         339
         339
         339
         340
         341
         341
         342
         342
         342
         342
         343
         343
         344
         344
         344
         344
         345
         346
         346
         347
         347
         347
         347
         348
         348
         349
         349
         349
         349
         350
         351
         351
         352
         352
         352
         352
         353
         353
         354
         354
         354
         354
         355
         356
         356
         357
         357
         357
         357
         358
         358
         359
         359
         359
         359
         360
         361
         361
         362
         362
         362
         362
         363
         363
         364
         364
         364
         364
         365
         366
         366
         367
         367
         367
         367
         368
         368
         369
         369
         369
         369
         370
         371
         372
         373
         374
           2
           6
           3
           6
           7
           8
           4
           8
           5
           8
           9
          10
          10
           7
          11
           8
          11
          12
          13
           9
          13
          10
          13
          14
          15
          15
          12
          16
          13
          16
          17
          18
          14
          18
          15
          18
          19
          20
          20
          17
          21
          18
          21
          22
          23
          19
          23
          20
          23
          24
          25
          25
          22
          26
          23
          26
          27
          28
          24
          28
          25
          28
          29
          30
          30
          27
          31
          28
          31
          32
          33
          29
          33
          30
          33
          34
          35
          35
          32
          36
          33
          36
          37
          38
          34
          38
          35
          38
          39
          40
          40
          37
          41
          38
          41
          42
          43
          39
          43
          40
          43
          44
          45
          45
          42
          46
          43
          46
          47
          48
          44
          48
          45
          48
          49
          50
          50
          47
          51
          48
          51
          52
          53
          49
          53
          50
          53
          54
          55
          55
          52
          56
          53
          56
          57
          58
          54
          58
          55
          58
          59
          60
          60
          57
          61
          58
          61
          62
          63
          59
          63
          60
          63
          64
          65
          65
          62
          66
          63
          66
          67
          68
          64
          68
          65
          68
          69
          70
          70
          67
          71
          68
          71
          72
          73
          69
          73
          70
          73
          74
          75
          75
          72
          76
          73
          76
          77
          78
          74
          78
          75
          78
          79
          80
          80
          77
          81
          78
          81
          82
          83
          79
          83
          80
          83
          84
          85
          85
          82
          86
          83
          86
          87
          88
          84
          88
          85
          88
          89
          90
          90
          87
          91
          88
          91
          92
          93
          89
          93
          90
          93
          94
          95
          95
          92
          96
          93
          96
          97
          98
          94
          98
          95
          98
          99
         100
         100
          97
         101
          98
         101
         102
         103
          99
         103
         100
         103
         104
         105
         105
         102
         106
         103
         106
         107
         108
         104
         108
         105
         108
         109
         110
         110
         107
         111
         108
         111
         112
         113
         109
         113
         110
         113
         114
         115
         115
         112
         116
         113
         116
         117
         118
         114
         118
         115
         118
         119
         120
         120
         117
         121
         118
         121
         122
         123
         119
         123
         120
         123
         124
         125
         125
         122
         126
         123
         126
         127
         128
         124
         128
         125
         128
         129
         130
         130
         127
         131
         128
         131
         132
         133
         129
         133
         130
         133
         134
         135
         135
         132
         136
         133
         136
         137
         138
         134
         138
         135
         138
         139
         140
         140
         137
         141
         138
         141
         142
         143
         139
         143
         140
         143
         144
         145
         145
         142
         146
         143
         146
         147
         148
         144
         148
         145
         148
         149
         150
         150
         147
         151
         148
         151
         152
         153
         149
         153
         150
         153
         154
         155
         155
         152
         156
         153
         156
         157
         158
         154
         158
         155
         158
         159
         160
         160
         157
         161
         158
         161
         162
         163
         159
         163
         160
         163
         164
         165
         165
         162
         166
         163
         166
         167
         168
         164
         168
         165
         168
         169
         170
         170
         167
         171
         168
         171
         172
         173
         169
         173
         170
         173
         174
         175
         175
         172
         176
         173
         176
         177
         178
         174
         178
         175
         178
         179
         180
         180
         177
         181
         178
         181
         182
         183
         179
         183
         180
         183
         184
         185
         185
         182
         186
         183
         186
         187
         188
         184
         188
         185
         188
         189
         190
         190
         187
         191
         188
         191
         192
         193
         189
         193
         190
         193
         194
         195
         195
         192
         196
         193
         196
         197
         198
         194
         198
         195
         198
         199
         200
         200
         197
         201
         198
         201
         202
         203
         199
         203
         200
         203
         204
         205
         205
         202
         206
         203
         206
         207
         208
         204
         208
         205
         208
         209
         210
         210
         207
         211
         208
         211
         212
         213
         209
         213
         210
         213
         214
         215
         215
         212
         216
         213
         216
         217
         218
         214
         218
         215
         218
         219
         220
         220
         217
         221
         218
         221
         222
         223
         219
         223
         220
         223
         224
         225
         225
         222
         226
         223
         226
         227
         228
         224
         228
         225
         228
         229
         230
         230
         227
         231
         228
         231
         232
         233
         229
         233
         230
         233
         234
         235
         235
         232
         236
         233
         236
         237
         238
         234
         238
         235
         238
         239
         240
         240
         237
         241
         238
         241
         242
         243
         239
         243
         240
         243
         244
         245
         245
         242
         246
         243
         246
         247
         248
         244
         248
         245
         248
         249
         250
         250
         247
         251
         248
         251
         252
         253
         249
         253
         250
         253
         254
         255
         255
         252
         256
         253
         256
         257
         258
         254
         258
         255
         258
         259
         260
         260
         257
         261
         258
         261
         262
         263
         259
         263
         260
         263
         264
         265
         265
         262
         266
         263
         266
         267
         268
         264
         268
         265
         268
         269
         270
         270
         267
         271
         268
         271
         272
         273
         269
         273
         270
         273
         274
         275
         275
         272
         276
         273
         276
         277
         278
         274
         278
         275
         278
         279
         280
         280
         277
         281
         278
         281
         282
         283
         279
         283
         280
         283
         284
         285
         285
         282
         286
         283
         286
         287
         288
         284
         288
         285
         288
         289
         290
         290
         287
         291
         288
         291
         292
         293
         289
         293
         290
         293
         294
         295
         295
         292
         296
         293
         296
         297
         298
         294
         298
         295
         298
         299
         300
         300
         297
         301
         298
         301
         302
         303
         299
         303
         300
         303
         304
         305
         305
         302
         306
         303
         306
         307
         308
         304
         308
         305
         308
         309
         310
         310
         307
         311
         308
         311
         312
         313
         309
         313
         310
         313
         314
         315
         315
         312
         316
         313
         316
         317
         318
         314
         318
         315
         318
         319
         320
         320
         317
         321
         318
         321
         322
         323
         319
         323
         320
         323
         324
         325
         325
         322
         326
         323
         326
         327
         328
         324
         328
         325
         328
         329
         330
         330
         327
         331
         328
         331
         332
         333
         329
         333
         330
         333
         334
         335
         335
         332
         336
         333
         336
         337
         338
         334
         338
         335
         338
         339
         340
         340
         337
         341
         338
         341
         342
         343
         339
         343
         340
         343
         344
         345
         345
         342
         346
         343
         346
         347
         348
         344
         348
         345
         348
         349
         350
         350
         347
         351
         348
         351
         352
         353
         349
         353
         350
         353
         354
         355
         355
         352
         356
         353
         356
         357
         358
         354
         358
         355
         358
         359
         360
         360
         357
         361
         358
         361
         362
         363
         359
         363
         360
         363
         364
         365
         365
         362
         366
         363
         366
         367
         368
         364
         368
         365
         368
         369
         370
         370
         367
         371
         368
         371
         372
         373
         369
         373
         370
         373
         374
         375
         375
         372
         373
         374
         375
