           1
           6
          11
          16
          21
          26
          31
          36
          41
          46
          51
          56
          61
          66
          71
          76
          81
          86
          91
          96
         101
         106
         111
         116
         121
         126
         131
         136
         141
         146
         151
         156
         161
         166
         171
         176
         181
         186
         191
         196
         201
         206
         211
         216
         221
         226
         231
         236
         241
         246
         251
         256
         261
         266
         271
         276
         281
         286
         291
         296
         301
         306
         311
         316
         321
         326
         331
         336
         341
         346
         351
         356
         361
         366
         371
         372
         373
         374
         375
         370
         365
         360
         355
         350
         345
         340
         335
         330
         325
         320
         315
         310
         305
         300
         295
         290
         285
         280
         275
         270
         265
         260
         255
         250
         245
         240
         235
         230
         225
         220
         215
         210
         205
         200
         195
         190
         185
         180
         175
         170
         165
         160
         155
         150
         145
         140
         135
         130
         125
         120
         115
         110
         105
         100
          95
          90
          85
          80
          75
          70
          65
          60
          55
          50
          45
          40
          35
          30
          25
          20
          15
          10
           6
          11
          16
          21
          26
          31
          36
          41
          46
          51
          56
          61
          66
          71
          76
          81
          86
          91
          96
         101
         106
         111
         116
         121
         126
         131
         136
         141
         146
         151
         156
         161
         166
         171
         176
         181
         186
         191
         196
         201
         206
         211
         216
         221
         226
         231
         236
         241
         246
         251
         256
         261
         266
         271
         276
         281
         286
         291
         296
         301
         306
         311
         316
         321
         326
         331
         336
         341
         346
         351
         356
         361
         366
         371
         372
         373
         374
         375
         370
         365
         360
         355
         350
         345
         340
         335
         330
         325
         320
         315
         310
         305
         300
         295
         290
         285
         280
         275
         270
         265
         260
         255
         250
         245
         240
         235
         230
         225
         220
         215
         210
         205
         200
         195
         190
         185
         180
         175
         170
         165
         160
         155
         150
         145
         140
         135
         130
         125
         120
         115
         110
         105
         100
          95
          90
          85
          80
          75
          70
          65
          60
          55
          50
          45
          40
          35
          30
          25
          20
          15
          10
           5
