  1.00672028
  1.01836014
  1.03000000
  1.04163986
  1.05327972
  1.00672028
  1.01836014
  1.03000000
  1.04163986
  1.05327972
  1.00672028
  1.01836014
  1.03000000
  1.04163986
  1.05327972
  1.00672028
  1.01836014
  1.03000000
  1.04163986
  1.05327972
  1.00672028
  1.01836014
  1.03000000
  1.04163986
  1.05327972
  1.00672028
  1.01836014
  1.03000000
  1.04163986
  1.05327972
  1.00672028
  1.01836014
  1.03000000
  1.04163986
  1.05327972
  1.00672028
  1.01836014
  1.03000000
  1.04163986
  1.05327972
  1.00672028
  1.01836014
  1.03000000
  1.04163986
  1.05327972
  1.00672028
  1.01836014
  1.03000000
  1.04163986
  1.05327972
  1.00672028
  1.01836014
  1.03000000
  1.04163986
  1.05327972
  1.00672028
  1.01836014
  1.03000000
  1.04163986
  1.05327972
  1.00672028
  1.01836014
  1.03000000
  1.04163986
  1.05327972
  1.00672028
  1.01836014
  1.03000000
  1.04163986
  1.05327972
  1.00672028
  1.01836014
  1.03000000
  1.04163986
  1.05327972
  1.00672028
  1.01836014
  1.03000000
  1.04163986
  1.05327972
  1.00672028
  1.01836014
  1.03000000
  1.04163986
  1.05327972
  1.00672028
  1.01836014
  1.03000000
  1.04163986
  1.05327972
  1.00672028
  1.01836014
  1.03000000
  1.04163986
  1.05327972
  1.00672028
  1.01836014
  1.03000000
  1.04163986
  1.05327972
  1.00672028
  1.01836014
  1.03000000
  1.04163986
  1.05327972
  1.00672028
  1.01836014
  1.03000000
  1.04163986
  1.05327972
  1.00672028
  1.01836014
  1.03000000
  1.04163986
  1.05327972
  1.00672028
  1.01836014
  1.03000000
  1.04163986
  1.05327972
  1.00672028
  1.01836014
  1.03000000
  1.04163986
  1.05327972
  1.00672028
  1.01836014
  1.03000000
  1.04163986
  1.05327972
  1.00672028
  1.01836014
  1.03000000
  1.04163986
  1.05327972
  1.00672028
  1.01836014
  1.03000000
  1.04163986
  1.05327972
  1.00672028
  1.01836014
  1.03000000
  1.04163986
  1.05327972
  1.00672028
  1.01836014
  1.03000000
  1.04163986
  1.05327972
  1.00672028
  1.01836014
  1.03000000
  1.04163986
  1.05327972
  1.00672028
  1.01836014
  1.03000000
  1.04163986
  1.05327972
  1.00672028
  1.01836014
  1.03000000
  1.04163986
  1.05327972
  1.00672028
  1.01836014
  1.03000000
  1.04163986
  1.05327972
  1.00672028
  1.01836014
  1.03000000
  1.04163986
  1.05327972
  1.00672028
  1.01836014
  1.03000000
  1.04163986
  1.05327972
  1.00672028
  1.01836014
  1.03000000
  1.04163986
  1.05327972
  1.00672028
  1.01836014
  1.03000000
  1.04163986
  1.05327972
  1.00672028
  1.01836014
  1.03000000
  1.04163986
  1.05327972
  1.00672028
  1.01836014
  1.03000000
  1.04163986
  1.05327972
  1.00672028
  1.01836014
  1.03000000
  1.04163986
  1.05327972
  1.00672028
  1.01836014
  1.03000000
  1.04163986
  1.05327972
  1.00672028
  1.01836014
  1.03000000
  1.04163986
  1.05327972
  1.00672028
  1.01836014
  1.03000000
  1.04163986
  1.05327972
  1.00672028
  1.01836014
  1.03000000
  1.04163986
  1.05327972
  1.00672028
  1.01836014
  1.03000000
  1.04163986
  1.05327972
  1.00672028
  1.01836014
  1.03000000
  1.04163986
  1.05327972
  1.00672028
  1.01836014
  1.03000000
  1.04163986
  1.05327972
  1.00672028
  1.01836014
  1.03000000
  1.04163986
  1.05327972
  1.00672028
  1.01836014
  1.03000000
  1.04163986
  1.05327972
  1.00672028
  1.01836014
  1.03000000
  1.04163986
  1.05327972
  1.00672028
  1.01836014
  1.03000000
  1.04163986
  1.05327972
  1.00672028
  1.01836014
  1.03000000
  1.04163986
  1.05327972
  1.00672028
  1.01836014
  1.03000000
  1.04163986
  1.05327972
  1.00672028
  1.01836014
  1.03000000
  1.04163986
  1.05327972
  1.00672028
  1.01836014
  1.03000000
  1.04163986
  1.05327972
  1.00672028
  1.01836014
  1.03000000
  1.04163986
  1.05327972
  1.00672028
  1.01836014
  1.03000000
  1.04163986
  1.05327972
  1.00672028
  1.01836014
  1.03000000
  1.04163986
  1.05327972
  1.00672028
  1.01836014
  1.03000000
  1.04163986
  1.05327972
  1.00672028
  1.01836014
  1.03000000
  1.04163986
  1.05327972
  1.00672028
  1.01836014
  1.03000000
  1.04163986
  1.05327972
  1.00672028
  1.01836014
  1.03000000
  1.04163986
  1.05327972
  1.00672028
  1.01836014
  1.03000000
  1.04163986
  1.05327972
  1.00672028
  1.01836014
  1.03000000
  1.04163986
  1.05327972
  1.00672028
  1.01836014
  1.03000000
  1.04163986
  1.05327972
  1.00672028
  1.01836014
  1.03000000
  1.04163986
  1.05327972
  1.00672028
  1.01836014
  1.03000000
  1.04163986
  1.05327972
  1.00672028
  1.01836014
  1.03000000
  1.04163986
  1.05327972
  1.00672028
  1.01836014
  1.03000000
  1.04163986
  1.05327972
  1.00672028
  1.01836014
  1.03000000
  1.04163986
  1.05327972
  1.00672028
  1.01836014
  1.03000000
  1.04163986
  1.05327972
  1.00672028
  1.01836014
  1.03000000
  1.04163986
  1.05327972
  1.00672028
  1.01836014
  1.03000000
  1.04163986
  1.05327972
  1.00672028
  1.01836014
  1.03000000
  1.04163986
  1.05327972
  0.00000000
  0.00672028
  0.00000000
  0.00672028
  0.00000000
  0.01344055
  0.02016083
  0.01344055
  0.02016083
  0.01344055
  0.02688111
  0.03360139
  0.02688111
  0.03360139
  0.02688111
  0.04032166
  0.04704194
  0.04032166
  0.04704194
  0.04032166
  0.05376222
  0.06048249
  0.05376222
  0.06048249
  0.05376222
  0.06720277
  0.07392305
  0.06720277
  0.07392305
  0.06720277
  0.08064333
  0.08736360
  0.08064333
  0.08736360
  0.08064333
  0.09408388
  0.10080416
  0.09408388
  0.10080416
  0.09408388
  0.10752443
  0.11424471
  0.10752443
  0.11424471
  0.10752443
  0.12096499
  0.12768527
  0.12096499
  0.12768527
  0.12096499
  0.13440554
  0.14112582
  0.13440554
  0.14112582
  0.13440554
  0.14784610
  0.15456637
  0.14784610
  0.15456637
  0.14784610
  0.16128665
  0.16800693
  0.16128665
  0.16800693
  0.16128665
  0.17472721
  0.18144748
  0.17472721
  0.18144748
  0.17472721
  0.18816776
  0.19488804
  0.18816776
  0.19488804
  0.18816776
  0.20160831
  0.20832859
  0.20160831
  0.20832859
  0.20160831
  0.21504887
  0.22176915
  0.21504887
  0.22176915
  0.21504887
  0.22848942
  0.23520970
  0.22848942
  0.23520970
  0.22848942
  0.24192998
  0.24865025
  0.24192998
  0.24865025
  0.24192998
  0.25537053
  0.26209081
  0.25537053
  0.26209081
  0.25537053
  0.26881109
  0.27553136
  0.26881109
  0.27553136
  0.26881109
  0.28225164
  0.28897192
  0.28225164
  0.28897192
  0.28225164
  0.29569219
  0.30241247
  0.29569219
  0.30241247
  0.29569219
  0.30913275
  0.31585303
  0.30913275
  0.31585303
  0.30913275
  0.32257330
  0.32929358
  0.32257330
  0.32929358
  0.32257330
  0.33601386
  0.34273413
  0.33601386
  0.34273413
  0.33601386
  0.34945441
  0.35617469
  0.34945441
  0.35617469
  0.34945441
  0.36289497
  0.36961524
  0.36289497
  0.36961524
  0.36289497
  0.37633552
  0.38305580
  0.37633552
  0.38305580
  0.37633552
  0.38977607
  0.39649635
  0.38977607
  0.39649635
  0.38977607
  0.40321663
  0.40993691
  0.40321663
  0.40993691
  0.40321663
  0.41665718
  0.42337746
  0.41665718
  0.42337746
  0.41665718
  0.43009774
  0.43681801
  0.43009774
  0.43681801
  0.43009774
  0.44353829
  0.45025857
  0.44353829
  0.45025857
  0.44353829
  0.45697884
  0.46369912
  0.45697884
  0.46369912
  0.45697884
  0.47041940
  0.47713968
  0.47041940
  0.47713968
  0.47041940
  0.48385995
  0.49058023
  0.48385995
  0.49058023
  0.48385995
  0.49730051
  0.50402078
  0.49730051
  0.50402078
  0.49730051
  0.51074106
  0.51746134
  0.51074106
  0.51746134
  0.51074106
  0.52418162
  0.53090189
  0.52418162
  0.53090189
  0.52418162
  0.53762217
  0.54434245
  0.53762217
  0.54434245
  0.53762217
  0.55106272
  0.55778300
  0.55106272
  0.55778300
  0.55106272
  0.56450328
  0.57122356
  0.56450328
  0.57122356
  0.56450328
  0.57794383
  0.58466411
  0.57794383
  0.58466411
  0.57794383
  0.59138439
  0.59810466
  0.59138439
  0.59810466
  0.59138439
  0.60482494
  0.61154522
  0.60482494
  0.61154522
  0.60482494
  0.61826550
  0.62498577
  0.61826550
  0.62498577
  0.61826550
  0.63170605
  0.63842633
  0.63170605
  0.63842633
  0.63170605
  0.64514660
  0.65186688
  0.64514660
  0.65186688
  0.64514660
  0.65858716
  0.66530744
  0.65858716
  0.66530744
  0.65858716
  0.67202771
  0.67874799
  0.67202771
  0.67874799
  0.67202771
  0.68546827
  0.69218854
  0.68546827
  0.69218854
  0.68546827
  0.69890882
  0.70562910
  0.69890882
  0.70562910
  0.69890882
  0.71234938
  0.71906965
  0.71234938
  0.71906965
  0.71234938
  0.72578993
  0.73251021
  0.72578993
  0.73251021
  0.72578993
  0.73923048
  0.74595076
  0.73923048
  0.74595076
  0.73923048
  0.75267104
  0.75939132
  0.75267104
  0.75939132
  0.75267104
  0.76611159
  0.77283187
  0.76611159
  0.77283187
  0.76611159
  0.77955215
  0.78627242
  0.77955215
  0.78627242
  0.77955215
  0.79299270
  0.79971298
  0.79299270
  0.79971298
  0.79299270
  0.80643326
  0.81315353
  0.80643326
  0.81315353
  0.80643326
  0.81987381
  0.82659409
  0.81987381
  0.82659409
  0.81987381
  0.83331436
  0.84003464
  0.83331436
  0.84003464
  0.83331436
  0.84675492
  0.85347520
  0.84675492
  0.85347520
  0.84675492
  0.86019547
  0.86691575
  0.86019547
  0.86691575
  0.86019547
  0.87363603
  0.88035630
  0.87363603
  0.88035630
  0.87363603
  0.88707658
  0.89379686
  0.88707658
  0.89379686
  0.88707658
  0.90051714
  0.90723741
  0.90051714
  0.90723741
  0.90051714
  0.91395769
  0.92067797
  0.91395769
  0.92067797
  0.91395769
  0.92739824
  0.93411852
  0.92739824
  0.93411852
  0.92739824
  0.94083880
  0.94755908
  0.94083880
  0.94755908
  0.94083880
  0.95427935
  0.96099963
  0.95427935
  0.96099963
  0.95427935
  0.96771991
  0.97444018
  0.96771991
  0.97444018
  0.96771991
  0.98116046
  0.98788074
  0.98116046
  0.98788074
  0.98116046
  0.99460102
  1.00132129
  0.99460102
  1.00132129
  0.99460102
